      25      116        2
     132      117        2
     160      125        2
     142      129        2
       4      136        2
     116      141        2
      79      148        2
     149      154        2
      45      161        2
      85      168        2
      88      223        2
      98      234        2
     122      241        2
      20      253        2
      37      261        2
       5      274        2
     136      283        2
      29      297        2
     181      331        2
      70      345        2
     184      358        2
      83      371        2
     176      388        2
     195      389        2
      96      390        2
      71      391        2
     101      395        2
     150      396        2
      92      397        2
     180      398        2
      75      805        2
       7      806        2
      47      807        2
      11      808        2
      23      812        2
      17      813        2
      74      814        2
      41      815        2
     146      832        2
      63      845        2
     172      858        2
      94      872        2
      89      906        2
      16      920        2
       6      929        2
     197      942        2
      73      950        2
      38      962        2
     187      969        2
      77      980        2
      90     1035        2
     124     1042        2
     128     1049        2
      51     1055        2
     175     1062        2
     113     1067        2
     112     1074        2
     178     1078        2
     103     1086        2
     109     1087        2
